13952016
4602483
26167824
210092
340663
17812406
16270823
3041266
8495819
8397946
105304
109487
136461
723426
12570518
23706
13990051
13972719
3006219
2648784
26258895
562676
155263
15351516
2426540
2657179
26265678
5361336
25676609
229027
14565087
1100348
1145611
9524375
24429704
7009741
475197
1093667
1779424
6664717
1572965
2253321
14449664
13945425
3045140
219063
662584
25994084
23932894
235769
25919221
1054401
25835511
2123521
3131352
178333
18788250
12990491
3037634
1528875
41084
25619695
26371216
11478605
757956
3558237
204740
7984892
9031004
6126264